Тест 1:
Входные данные:
3 4
5 9 2 6
6 2 4 3
1 2 8 7

Ожидаемый вывод:
6 2 9 5
3 4 2 6
7 8 2 1
------------------------------

Тест 2:
Входные данные:
5 3
1 4 5
2 5 3
7 3 2
6 7 9 
1 6 9

Ожидаемый вывод:
5 4 1
3 5 2 
2 3 7 
9 7 6 
9 6 1
------------------------------

Тест 3:
Входные данные:
15 13
439 488 604 813 98 5 641 411 371 338 885 286 474
212 792 153 721 432 538 146 953 710 198 70 857 941
609 350 199 874 91 301 81 879 918 433 291 630 304
432 502 795 565 353 721 379 520 495 498 125 59 324
218 945 151 242 295 606 465 891 151 63 736 840 45
860 682 47 105 865 371 338 799 2 734 619 740 391
11 566 870 192 504 837 681 234 79 883 333 180 250
649 824 215 144 519 929 624 759 526 815 631 877 185
849 780 524 804 839 164 350 951 295 33 844 252 103
370 482 535 29 874 44 686 106 618 99 439 780 743
464 312 605 426 204 162 983 190 231 283 430 824 983
900 286 759 406 950 342 638 295 117 673 115 776 543
452 725 1000 923 887 477 778 151 232 310 457 912 185
850 35 923 475 726 857 471 917 332 179 565 496 752
583 522 362 780 956 465 868 977 637 23 12 855 163


Ожидаемый вывод:
474 286 885 338 371 411 641 5 98 813 604 488 439
941 857 70 198 710 953 146 538 432 721 153 792 212
304 630 291 433 918 879 81 301 91 874 199 350 609
324 59 125 498 495 520 379 721 353 565 795 502 432
45 840 736 63 151 891 465 606 295 242 151 945 218
391 740 619 734 2 799 338 371 865 105 47 682 860
250 180 333 883 79 234 681 837 504 192 870 566 11
185 877 631 815 526 759 624 929 519 144 215 824 649
103 252 844 33 295 951 350 164 839 804 524 780 849
743 780 439 99 618 106 686 44 874 29 535 482 370
983 824 430 283 231 190 983 162 204 426 605 312 464
543 776 115 673 117 295 638 342 950 406 759 286 900
185 912 457 310 232 151 778 477 887 923 1000 725 452
752 496 565 179 332 917 471 857 726 475 923 35 850
163 855 12 23 637 977 868 465 956 780 362 522 583


------------------------------

Тест 4:
Входные данные:
15 9
931 220 538 510 916 910 565 767 952
567 941 340 24 476 517 462 907 32
562 144 994 600 812 46 347 461 718
755 439 225 246 66 55 326 987 140
948 471 792 866 555 108 139 849 1000
642 826 246 700 139 727 981 643 189
594 625 314 908 998 744 15 184 188
40 81 138 876 494 126 577 703 882
729 44 293 762 973 724 511 626 978
995 77 246 695 977 619 407 424 237
339 880 884 881 585 215 613 639 723
471 71 245 527 877 196 893 240 542
864 441 181 271 321 754 417 893 620
480 931 785 18 564 98 80 123 690
892 168 275 837 644 427 234 335 930


Ожидаемый вывод:
952 767 565 910 916 510 538 220 931
32 907 462 517 476 24 340 941 567
718 461 347 46 812 600 994 144 562
140 987 326 55 66 246 225 439 755
1000 849 139 108 555 866 792 471 948
189 643 981 727 139 700 246 826 642
188 184 15 744 998 908 314 625 594
882 703 577 126 494 876 138 81 40
978 626 511 724 973 762 293 44 729
237 424 407 619 977 695 246 77 995
723 639 613 215 585 881 884 880 339
542 240 893 196 877 527 245 71 471
620 893 417 754 321 271 181 441 864
690 123 80 98 564 18 785 931 480
930 335 234 427 644 837 275 168 892


------------------------------

Тест 5:
Входные данные:
5 13
440 4 735 844 702 195 474 223 297 51 842 333 912
713 965 967 655 985 397 947 834 815 442 717 132 192
112 777 659 97 690 703 349 977 687 103 25 304 341
125 340 687 993 114 758 266 523 984 735 682 708 918
405 805 548 658 834 397 294 101 332 404 742 780 92


Ожидаемый вывод:
912 333 842 51 297 223 474 195 702 844 735 4 440
192 132 717 442 815 834 947 397 985 655 967 965 713
341 304 25 103 687 977 349 703 690 97 659 777 112
918 708 682 735 984 523 266 758 114 993 687 340 125
92 780 742 404 332 101 294 397 834 658 548 805 405


------------------------------

Тест 6:
Входные данные:
13 5
538 153 138 445 463
717 354 698 414 607
84 821 52 136 501
30 804 133 896 601
855 906 145 870 960
420 29 573 218 350
183 423 338 354 949
967 498 735 169 561
657 493 541 545 647
978 805 582 600 285
53 71 715 504 292
168 369 941 60 16
394 75 294 408 992


Ожидаемый вывод:
463 445 138 153 538
607 414 698 354 717
501 136 52 821 84
601 896 133 804 30
960 870 145 906 855
350 218 573 29 420
949 354 338 423 183
561 169 735 498 967
647 545 541 493 657
285 600 582 805 978
292 504 715 71 53
16 60 941 369 168
992 408 294 75 394


------------------------------

Тест 7:
Входные данные:
9 8
609 872 197 190 433 777 60 857
844 566 711 684 771 419 40 543
335 648 339 507 249 928 637 862
255 127 344 288 613 275 213 971
341 9 567 626 341 397 151 571
340 235 309 639 557 445 837 924
564 565 524 143 740 350 19 602
989 336 986 329 304 126 167 153
247 800 537 811 587 65 624 865


Ожидаемый вывод:
857 60 777 433 190 197 872 609
543 40 419 771 684 711 566 844
862 637 928 249 507 339 648 335
971 213 275 613 288 344 127 255
571 151 397 341 626 567 9 341
924 837 445 557 639 309 235 340
602 19 350 740 143 524 565 564
153 167 126 304 329 986 336 989
865 624 65 587 811 537 800 247


------------------------------

Тест 8:
Входные данные:
2 10
995 412 6 328 862 199 18 214 861 18
317 208 517 287 585 234 268 446 700 581


Ожидаемый вывод:
18 861 214 18 199 862 328 6 412 995
581 700 446 268 234 585 287 517 208 317


------------------------------

Тест 9:
Входные данные:
6 11
487 819 486 447 995 106 543 833 400 329 66
174 861 304 21 938 284 379 393 158 937 776
419 824 153 400 669 1 477 714 929 823 99
93 170 377 910 542 670 921 362 743 312 755
650 511 400 8 991 189 50 362 954 77 62
186 427 787 898 923 456 658 416 255 252 385


Ожидаемый вывод:
66 329 400 833 543 106 995 447 486 819 487
776 937 158 393 379 284 938 21 304 861 174
99 823 929 714 477 1 669 400 153 824 419
755 312 743 362 921 670 542 910 377 170 93
62 77 954 362 50 189 991 8 400 511 650
385 252 255 416 658 456 923 898 787 427 186


------------------------------

Тест 10:
Входные данные:
9 14
380 105 122 440 427 876 763 279 520 417 110 708 959 899
51 579 968 351 469 441 555 76 88 857 816 733 864 454
764 952 850 202 308 926 438 663 135 671 218 677 380 267
600 844 377 923 568 92 618 17 557 815 110 814 618 378
80 344 779 113 927 169 734 572 528 110 706 593 998 366
490 339 867 329 288 652 126 208 419 361 53 645 50 564
260 281 490 197 86 71 126 465 350 928 233 616 472 218
872 72 927 889 70 569 675 534 494 864 605 358 684 623
36 658 303 728 18 944 910 848 439 37 495 679 547 919


Ожидаемый вывод:
899 959 708 110 417 520 279 763 876 427 440 122 105 380
454 864 733 816 857 88 76 555 441 469 351 968 579 51
267 380 677 218 671 135 663 438 926 308 202 850 952 764
378 618 814 110 815 557 17 618 92 568 923 377 844 600
366 998 593 706 110 528 572 734 169 927 113 779 344 80
564 50 645 53 361 419 208 126 652 288 329 867 339 490
218 472 616 233 928 350 465 126 71 86 197 490 281 260
623 684 358 605 864 494 534 675 569 70 889 927 72 872
919 547 679 495 37 439 848 910 944 18 728 303 658 36


------------------------------

Тест 11:
Входные данные:
5 10
988 717 923 62 560 514 87 313 947 900
374 52 851 945 420 111 843 206 976 966
170 850 778 283 423 837 258 782 777 359
370 204 319 728 10 341 125 912 827 168
499 841 14 168 514 912 100 178 979 340


Ожидаемый вывод:
900 947 313 87 514 560 62 923 717 988
966 976 206 843 111 420 945 851 52 374
359 777 782 258 837 423 283 778 850 170
168 827 912 125 341 10 728 319 204 370
340 979 178 100 912 514 168 14 841 499


------------------------------

Тест 12:
Входные данные:
4 1
200
344
898
452


Ожидаемый вывод:
200
344
898
452


------------------------------

