Тест 1:
Входные данные:
5
3 4 9 1 2
8 2 0 5 1
4 7 4 8 7
7 1 3 3 8
5 6 3 7 0


Ожидаемый вывод:
3 8 4 7 5
4 2 7 1 6
9 0 4 3 3
1 5 8 3 7
2 1 7 8 0

------------------------------

Тест 2:
Входные данные:
2
6 7
9 0


Ожидаемый вывод:
6 9
7 0

------------------------------

Тест 3:
Входные данные:
4
5 6 7 8
98 87 45 56
258 7 56 3
99 23 45 78


Ожидаемый вывод:
5 98 258 99
6 87 7 23
7 45 56 45
8 56 3 78

------------------------------

Тест 4:
Входные данные:
9
862 261 107 545 569 999 89 258 683
996 406 290 163 348 97 210 671 20
318 951 643 866 240 327 552 27 429
934 949 317 228 594 278 24 154 648
603 746 806 208 164 773 294 279 23
254 458 285 273 413 784 623 635 115
947 176 173 17 180 739 356 159 513
197 26 410 572 672 166 952 295 765
674 859 926 51 601 792 852 376 744


Ожидаемый вывод:
862 996 318 934 603 254 947 197 674
261 406 951 949 746 458 176 26 859
107 290 643 317 806 285 173 410 926
545 163 866 228 208 273 17 572 51
569 348 240 594 164 413 180 672 601
999 97 327 278 773 784 739 166 792
89 210 552 24 294 623 356 952 852
258 671 27 154 279 635 159 295 376
683 20 429 648 23 115 513 765 744


------------------------------

Тест 5:
Входные данные:
14
478 399 960 846 337 799 324 758 264 46 61 663 791 438
951 269 508 608 790 206 655 334 881 74 126 735 584 831
876 359 210 688 654 834 977 82 888 787 505 769 179 194
242 855 36 544 583 15 822 295 718 529 66 614 500 229
622 53 120 335 744 872 115 317 207 180 545 892 756 754
896 278 178 149 698 734 756 217 580 401 338 967 166 485
987 107 332 354 604 361 208 217 403 716 266 886 160 735
932 291 202 890 191 17 682 481 176 415 110 842 115 637
254 797 700 843 582 36 669 927 574 178 598 512 480 633
236 463 933 348 249 47 378 784 401 648 821 257 247 41
647 157 560 102 547 360 106 488 405 943 79 491 920 812
826 635 878 325 767 118 804 565 538 313 912 603 727 669
930 768 610 567 315 143 693 271 509 96 776 137 218 725
855 704 407 370 619 176 9 608 379 133 120 302 443 521


Ожидаемый вывод:
478 951 876 242 622 896 987 932 254 236 647 826 930 855
399 269 359 855 53 278 107 291 797 463 157 635 768 704
960 508 210 36 120 178 332 202 700 933 560 878 610 407
846 608 688 544 335 149 354 890 843 348 102 325 567 370
337 790 654 583 744 698 604 191 582 249 547 767 315 619
799 206 834 15 872 734 361 17 36 47 360 118 143 176
324 655 977 822 115 756 208 682 669 378 106 804 693 9
758 334 82 295 317 217 217 481 927 784 488 565 271 608
264 881 888 718 207 580 403 176 574 401 405 538 509 379
46 74 787 529 180 401 716 415 178 648 943 313 96 133
61 126 505 66 545 338 266 110 598 821 79 912 776 120
663 735 769 614 892 967 886 842 512 257 491 603 137 302
791 584 179 500 756 166 160 115 480 247 920 727 218 443
438 831 194 229 754 485 735 637 633 41 812 669 725 521


------------------------------

Тест 6:
Входные данные:
15
778 452 143 157 314 155 816 57 121 708 479 419 16 191 756
868 104 307 563 680 89 89 939 895 418 628 78 238 218 474
580 986 597 1000 963 294 238 27 228 602 82 549 634 341 683
823 922 352 895 16 584 424 219 165 188 59 32 878 652 458
937 533 877 84 272 462 796 397 767 193 192 381 760 807 999
765 746 504 860 878 416 606 859 110 226 236 682 899 841 12
656 789 224 579 416 8 361 314 199 279 59 303 518 620 903
186 472 960 327 689 91 30 280 884 908 488 876 106 29 376
933 291 468 742 790 119 405 435 516 116 140 141 986 776 98
870 595 996 919 295 970 20 145 940 402 143 359 765 167 245
209 274 69 904 791 170 343 857 576 215 589 70 847 659 221
813 799 271 12 264 256 958 98 192 222 252 985 835 171 913
7 643 635 573 865 868 219 769 741 525 369 14 934 620 396
277 126 853 733 678 394 620 868 947 141 237 437 165 565 224
393 671 686 987 421 337 13 511 58 796 611 438 207 73 724


Ожидаемый вывод:
778 868 580 823 937 765 656 186 933 870 209 813 7 277 393
452 104 986 922 533 746 789 472 291 595 274 799 643 126 671
143 307 597 352 877 504 224 960 468 996 69 271 635 853 686
157 563 1000 895 84 860 579 327 742 919 904 12 573 733 987
314 680 963 16 272 878 416 689 790 295 791 264 865 678 421
155 89 294 584 462 416 8 91 119 970 170 256 868 394 337
816 89 238 424 796 606 361 30 405 20 343 958 219 620 13
57 939 27 219 397 859 314 280 435 145 857 98 769 868 511
121 895 228 165 767 110 199 884 516 940 576 192 741 947 58
708 418 602 188 193 226 279 908 116 402 215 222 525 141 796
479 628 82 59 192 236 59 488 140 143 589 252 369 237 611
419 78 549 32 381 682 303 876 141 359 70 985 14 437 438
16 238 634 878 760 899 518 106 986 765 847 835 934 165 207
191 218 341 652 807 841 620 29 776 167 659 171 620 565 73
756 474 683 458 999 12 903 376 98 245 221 913 396 224 724


------------------------------

Тест 7:
Входные данные:
13
390 31 818 965 627 417 421 854 779 938 828 455 633
540 293 270 243 358 141 664 702 382 475 479 365 331
723 772 152 989 225 702 23 506 758 404 8 146 564
154 419 474 911 680 125 271 149 795 526 693 722 325
421 946 886 463 154 425 324 768 238 996 833 949 250
864 31 31 366 321 750 637 611 458 978 41 810 161
362 885 560 722 185 79 735 332 557 551 189 597 482
264 415 968 306 489 187 44 834 599 230 640 824 447
640 334 762 837 949 57 291 72 798 226 403 347 208
769 96 489 613 426 18 937 790 850 604 7 722 632
31 602 305 37 491 94 560 123 98 864 539 110 339
477 25 138 135 730 827 131 851 717 226 644 538 148
636 72 104 505 185 676 317 704 278 921 183 396 375


Ожидаемый вывод:
390 540 723 154 421 864 362 264 640 769 31 477 636
31 293 772 419 946 31 885 415 334 96 602 25 72
818 270 152 474 886 31 560 968 762 489 305 138 104
965 243 989 911 463 366 722 306 837 613 37 135 505
627 358 225 680 154 321 185 489 949 426 491 730 185
417 141 702 125 425 750 79 187 57 18 94 827 676
421 664 23 271 324 637 735 44 291 937 560 131 317
854 702 506 149 768 611 332 834 72 790 123 851 704
779 382 758 795 238 458 557 599 798 850 98 717 278
938 475 404 526 996 978 551 230 226 604 864 226 921
828 479 8 693 833 41 189 640 403 7 539 644 183
455 365 146 722 949 810 597 824 347 722 110 538 396
633 331 564 325 250 161 482 447 208 632 339 148 375


------------------------------

Тест 8:
Входные данные:
12
648 338 715 178 202 596 525 796 68 435 795 711
41 533 527 383 375 263 222 806 703 675 978 510
70 672 110 594 291 934 922 856 804 595 693 794
340 722 925 411 244 563 59 310 686 330 258 682
630 56 667 849 992 937 314 5 552 498 256 682
6 682 792 512 265 203 951 117 211 410 909 234
100 303 251 510 893 821 191 844 299 542 937 327
247 641 32 776 854 745 801 189 690 340 855 351
763 77 149 864 85 325 38 707 994 268 202 572
347 954 394 115 555 318 162 539 418 3 371 71
324 1 191 120 76 251 378 159 244 350 419 275
429 890 217 572 799 686 430 251 180 1000 964 598


Ожидаемый вывод:
648 41 70 340 630 6 100 247 763 347 324 429
338 533 672 722 56 682 303 641 77 954 1 890
715 527 110 925 667 792 251 32 149 394 191 217
178 383 594 411 849 512 510 776 864 115 120 572
202 375 291 244 992 265 893 854 85 555 76 799
596 263 934 563 937 203 821 745 325 318 251 686
525 222 922 59 314 951 191 801 38 162 378 430
796 806 856 310 5 117 844 189 707 539 159 251
68 703 804 686 552 211 299 690 994 418 244 180
435 675 595 330 498 410 542 340 268 3 350 1000
795 978 693 258 256 909 937 855 202 371 419 964
711 510 794 682 682 234 327 351 572 71 275 598


------------------------------

Тест 9:
Входные данные:
11
723 328 379 230 709 344 401 52 679 281 168
658 377 395 715 632 590 654 597 145 139 370
96 256 160 601 231 74 446 412 359 698 866
545 692 824 242 409 364 474 985 28 55 561
43 377 689 500 281 969 986 814 248 935 904
737 266 360 285 757 863 82 136 685 337 300
703 501 134 641 263 779 209 939 345 502 763
76 225 831 602 489 550 114 902 78 589 736
151 575 653 436 503 993 489 703 916 158 696
889 500 187 391 223 842 307 191 556 108 734
481 375 786 722 902 214 334 788 472 579 676


Ожидаемый вывод:
723 658 96 545 43 737 703 76 151 889 481
328 377 256 692 377 266 501 225 575 500 375
379 395 160 824 689 360 134 831 653 187 786
230 715 601 242 500 285 641 602 436 391 722
709 632 231 409 281 757 263 489 503 223 902
344 590 74 364 969 863 779 550 993 842 214
401 654 446 474 986 82 209 114 489 307 334
52 597 412 985 814 136 939 902 703 191 788
679 145 359 28 248 685 345 78 916 556 472
281 139 698 55 935 337 502 589 158 108 579
168 370 866 561 904 300 763 736 696 734 676


------------------------------

Тест 10:
Входные данные:
10
792 601 497 297 751 398 244 501 19 358
803 376 541 981 185 500 79 106 496 816
704 730 178 500 825 36 292 908 615 633
868 320 121 586 63 619 63 101 855 215
337 815 719 525 316 756 402 413 111 152
429 960 623 822 557 583 776 495 574 874
550 377 324 633 8 916 793 612 792 121
445 431 994 396 421 682 905 349 15 407
585 437 730 861 597 109 323 928 716 640
999 472 622 334 992 666 629 489 744 648


Ожидаемый вывод:
792 803 704 868 337 429 550 445 585 999
601 376 730 320 815 960 377 431 437 472
497 541 178 121 719 623 324 994 730 622
297 981 500 586 525 822 633 396 861 334
751 185 825 63 316 557 8 421 597 992
398 500 36 619 756 583 916 682 109 666
244 79 292 63 402 776 793 905 323 629
501 106 908 101 413 495 612 349 928 489
19 496 615 855 111 574 792 15 716 744
358 816 633 215 152 874 121 407 640 648


------------------------------

Тест 11:
Входные данные:
14
526 873 969 55 505 86 811 787 79 400 463 863 237 643
990 245 86 836 912 314 174 480 249 748 325 227 601 25
667 471 886 966 999 226 14 972 611 412 492 598 931 222
220 899 319 97 885 359 481 448 744 534 853 247 129 888
164 697 600 334 665 367 538 612 758 63 508 975 128 431
943 59 564 465 484 538 876 667 559 370 938 775 38 947
540 372 222 235 496 81 534 639 598 929 883 363 86 959
435 867 833 414 88 684 258 166 713 437 539 189 179 94
622 861 821 743 655 353 844 717 583 295 1 668 721 567
767 963 497 850 169 593 709 391 78 355 718 520 133 712
942 975 444 223 532 623 421 392 128 7 53 944 220 868
641 83 518 253 942 376 212 932 439 699 160 689 141 1000
538 770 642 279 116 830 118 213 410 561 979 991 575 214
888 953 23 80 662 616 254 84 222 384 394 223 322 876


Ожидаемый вывод:
526 990 667 220 164 943 540 435 622 767 942 641 538 888
873 245 471 899 697 59 372 867 861 963 975 83 770 953
969 86 886 319 600 564 222 833 821 497 444 518 642 23
55 836 966 97 334 465 235 414 743 850 223 253 279 80
505 912 999 885 665 484 496 88 655 169 532 942 116 662
86 314 226 359 367 538 81 684 353 593 623 376 830 616
811 174 14 481 538 876 534 258 844 709 421 212 118 254
787 480 972 448 612 667 639 166 717 391 392 932 213 84
79 249 611 744 758 559 598 713 583 78 128 439 410 222
400 748 412 534 63 370 929 437 295 355 7 699 561 384
463 325 492 853 508 938 883 539 1 718 53 160 979 394
863 227 598 247 975 775 363 189 668 520 944 689 991 223
237 601 931 129 128 38 86 179 721 133 220 141 575 322
643 25 222 888 431 947 959 94 567 712 868 1000 214 876


------------------------------

Тест 12:
Входные данные:
14
939 544 858 515 525 632 113 690 318 969 756 627 859 889
555 765 373 907 19 521 352 483 624 79 50 298 973 447
988 301 406 413 60 493 827 873 468 852 687 465 969 97
830 831 171 784 522 412 866 564 307 212 820 652 350 331
565 134 976 192 682 662 631 557 725 268 796 530 314 594
250 312 694 832 133 84 155 695 416 847 954 663 285 25
834 837 935 554 44 437 576 561 766 196 55 985 842 311
436 135 195 648 512 499 643 509 154 706 335 982 148 809
721 693 670 600 425 777 666 352 6 57 440 448 580 243
267 951 310 945 156 25 913 732 7 230 982 880 634 665
292 900 427 642 462 889 986 568 682 727 872 154 731 999
271 615 204 355 209 589 575 213 503 262 935 10 610 80
819 688 344 298 158 972 409 110 679 720 976 768 875 241
206 180 214 265 818 834 625 319 22 58 990 542 733 211


Ожидаемый вывод:
939 555 988 830 565 250 834 436 721 267 292 271 819 206
544 765 301 831 134 312 837 135 693 951 900 615 688 180
858 373 406 171 976 694 935 195 670 310 427 204 344 214
515 907 413 784 192 832 554 648 600 945 642 355 298 265
525 19 60 522 682 133 44 512 425 156 462 209 158 818
632 521 493 412 662 84 437 499 777 25 889 589 972 834
113 352 827 866 631 155 576 643 666 913 986 575 409 625
690 483 873 564 557 695 561 509 352 732 568 213 110 319
318 624 468 307 725 416 766 154 6 7 682 503 679 22
969 79 852 212 268 847 196 706 57 230 727 262 720 58
756 50 687 820 796 954 55 335 440 982 872 935 976 990
627 298 465 652 530 663 985 982 448 880 154 10 768 542
859 973 969 350 314 285 842 148 580 634 731 610 875 733
889 447 97 331 594 25 311 809 243 665 999 80 241 211


------------------------------

Тест 13:
Входные данные:
8
436 93 487 386 880 838 443 30
875 275 933 829 638 828 166 196
365 534 967 800 131 155 831 436
982 75 456 615 997 687 333 785
840 922 943 787 412 931 205 227
485 656 81 474 110 730 477 909
274 699 785 348 530 162 416 147
116 389 300 42 852 992 501 657


Ожидаемый вывод:
436 875 365 982 840 485 274 116
93 275 534 75 922 656 699 389
487 933 967 456 943 81 785 300
386 829 800 615 787 474 348 42
880 638 131 997 412 110 530 852
838 828 155 687 931 730 162 992
443 166 831 333 205 477 416 501
30 196 436 785 227 909 147 657


------------------------------

