Тест 1:
Входные данные:
3 4
5 9 2 6
6 2 4 3
1 2 8 7


Ожидаемый вывод:
1 2 8 7
6 2 4 3
5 9 2 6

------------------------------

Тест 2:
Входные данные:
4 2 
1 5
6 3
8 6
3 9

Ожидаемый вывод:
3 9
8 6
6 3
1 5
------------------------------

Тест 3:
Входные данные:
10 1
200
807
43
732
957
729
123
204
671
20


Ожидаемый вывод:
20
671
204
123
729
957
732
43
807
200


------------------------------

Тест 4:
Входные данные:
2 10
585 637 861 610 434 500 790 850 82 94
40 206 232 282 539 958 153 353 907 541


Ожидаемый вывод:
40 206 232 282 539 958 153 353 907 541
585 637 861 610 434 500 790 850 82 94


------------------------------

Тест 5:
Входные данные:
14 6
216 234 591 286 873 254
475 724 364 555 996 519
563 45 14 855 777 328
466 819 387 719 94 199
317 853 367 503 680 121
866 465 220 63 405 315
413 973 476 706 924 143
517 979 168 286 546 351
502 229 750 486 463 17
430 269 211 868 365 230
927 877 469 451 814 103
24 119 428 841 714 751
970 352 53 594 670 116
312 860 238 792 649 865


Ожидаемый вывод:
312 860 238 792 649 865
970 352 53 594 670 116
24 119 428 841 714 751
927 877 469 451 814 103
430 269 211 868 365 230
502 229 750 486 463 17
517 979 168 286 546 351
413 973 476 706 924 143
866 465 220 63 405 315
317 853 367 503 680 121
466 819 387 719 94 199
563 45 14 855 777 328
475 724 364 555 996 519
216 234 591 286 873 254


------------------------------

Тест 6:
Входные данные:
11 3
310 799 545
70 921 754
532 566 735
505 382 698
311 988 898
261 483 78
198 308 26
169 11 255
302 550 373
12 77 121
204 264 404


Ожидаемый вывод:
204 264 404
12 77 121
302 550 373
169 11 255
198 308 26
261 483 78
311 988 898
505 382 698
532 566 735
70 921 754
310 799 545


------------------------------

Тест 7:
Входные данные:
15 13
1 262 198 342 806 977 318 977 872 133 658 151 517
298 631 792 676 753 463 921 478 731 532 527 479 367
833 597 887 147 309 648 657 845 698 554 489 351 721
518 824 914 531 587 586 14 90 916 231 276 452 781
569 360 354 675 916 860 367 50 338 471 398 397 668
650 795 509 261 636 839 664 579 257 345 215 786 903
641 294 503 836 197 10 313 79 726 911 148 887 332
565 153 273 227 847 618 754 702 564 360 110 42 450
168 390 449 211 655 705 595 282 421 848 929 719 762
844 976 229 79 920 528 361 815 861 256 637 816 286
77 648 452 530 702 157 869 661 427 178 48 632 678
934 140 127 607 744 440 378 761 820 779 341 866 873
664 685 704 492 736 468 600 941 143 975 245 547 190
361 340 393 584 968 446 791 928 414 90 894 96 582
364 802 562 437 356 828 774 961 910 601 60 509 447


Ожидаемый вывод:
364 802 562 437 356 828 774 961 910 601 60 509 447
361 340 393 584 968 446 791 928 414 90 894 96 582
664 685 704 492 736 468 600 941 143 975 245 547 190
934 140 127 607 744 440 378 761 820 779 341 866 873
77 648 452 530 702 157 869 661 427 178 48 632 678
844 976 229 79 920 528 361 815 861 256 637 816 286
168 390 449 211 655 705 595 282 421 848 929 719 762
565 153 273 227 847 618 754 702 564 360 110 42 450
641 294 503 836 197 10 313 79 726 911 148 887 332
650 795 509 261 636 839 664 579 257 345 215 786 903
569 360 354 675 916 860 367 50 338 471 398 397 668
518 824 914 531 587 586 14 90 916 231 276 452 781
833 597 887 147 309 648 657 845 698 554 489 351 721
298 631 792 676 753 463 921 478 731 532 527 479 367
1 262 198 342 806 977 318 977 872 133 658 151 517


------------------------------

Тест 8:
Входные данные:
7 1
318
538
470
824
627
102
851


Ожидаемый вывод:
851
102
627
824
470
538
318


------------------------------

Тест 9:
Входные данные:
10 12
21 110 697 311 229 702 211 406 174 105 276 869
240 719 288 330 618 15 569 908 707 748 499 575
182 393 147 650 952 499 377 888 57 712 393 119
216 510 817 226 233 309 238 954 401 318 607 835
35 148 359 539 141 299 306 175 703 358 585 788
525 358 879 371 755 160 332 450 195 90 421 644
694 196 217 388 784 314 38 208 541 221 197 480
947 584 421 110 895 487 183 993 804 318 295 370
689 599 70 250 86 848 826 429 987 744 778 560
17 241 868 92 818 523 637 902 844 629 698 597


Ожидаемый вывод:
17 241 868 92 818 523 637 902 844 629 698 597
689 599 70 250 86 848 826 429 987 744 778 560
947 584 421 110 895 487 183 993 804 318 295 370
694 196 217 388 784 314 38 208 541 221 197 480
525 358 879 371 755 160 332 450 195 90 421 644
35 148 359 539 141 299 306 175 703 358 585 788
216 510 817 226 233 309 238 954 401 318 607 835
182 393 147 650 952 499 377 888 57 712 393 119
240 719 288 330 618 15 569 908 707 748 499 575
21 110 697 311 229 702 211 406 174 105 276 869


------------------------------

Тест 10:
Входные данные:
14 11
65 437 459 616 146 857 805 81 546 429 629
298 435 612 229 850 755 835 971 693 231 288
308 825 918 433 444 887 727 828 140 4 761
138 995 87 633 792 711 534 391 756 337 126
410 846 912 426 942 314 997 992 153 538 891
695 777 22 458 690 262 523 640 383 20 512
341 394 239 196 952 627 485 907 177 20 53
753 472 817 417 733 787 497 762 401 509 502
446 115 611 969 655 942 753 38 711 170 730
824 347 837 949 638 105 948 725 131 689 153
426 727 869 436 225 202 373 925 447 464 579
18 926 879 417 205 476 38 851 177 816 586
738 267 401 668 603 668 399 804 637 551 728
913 110 800 124 886 861 891 622 650 454 440


Ожидаемый вывод:
913 110 800 124 886 861 891 622 650 454 440
738 267 401 668 603 668 399 804 637 551 728
18 926 879 417 205 476 38 851 177 816 586
426 727 869 436 225 202 373 925 447 464 579
824 347 837 949 638 105 948 725 131 689 153
446 115 611 969 655 942 753 38 711 170 730
753 472 817 417 733 787 497 762 401 509 502
341 394 239 196 952 627 485 907 177 20 53
695 777 22 458 690 262 523 640 383 20 512
410 846 912 426 942 314 997 992 153 538 891
138 995 87 633 792 711 534 391 756 337 126
308 825 918 433 444 887 727 828 140 4 761
298 435 612 229 850 755 835 971 693 231 288
65 437 459 616 146 857 805 81 546 429 629


------------------------------

Тест 11:
Входные данные:
15 12
17 718 877 971 348 300 222 4 542 685 222 122
812 409 849 186 935 535 891 318 60 288 683 231
127 81 296 138 374 495 73 988 19 321 849 635
328 584 76 621 264 140 590 63 909 616 244 804
318 172 684 676 883 901 335 678 84 209 913 915
519 759 3 609 826 638 475 682 962 270 852 902
124 551 902 41 677 165 932 658 209 929 142 870
159 12 600 104 336 573 549 341 825 526 991 785
128 73 547 290 534 95 536 889 868 669 154 651
24 545 71 330 305 807 38 722 748 729 564 615
696 896 394 980 707 737 9 368 853 642 946 108
663 903 525 100 668 23 317 875 939 749 16 952
454 927 435 510 493 505 824 531 290 228 59 376
969 796 232 795 88 160 853 489 799 12 793 58
462 417 770 995 328 493 834 113 8 752 22 866


Ожидаемый вывод:
462 417 770 995 328 493 834 113 8 752 22 866
969 796 232 795 88 160 853 489 799 12 793 58
454 927 435 510 493 505 824 531 290 228 59 376
663 903 525 100 668 23 317 875 939 749 16 952
696 896 394 980 707 737 9 368 853 642 946 108
24 545 71 330 305 807 38 722 748 729 564 615
128 73 547 290 534 95 536 889 868 669 154 651
159 12 600 104 336 573 549 341 825 526 991 785
124 551 902 41 677 165 932 658 209 929 142 870
519 759 3 609 826 638 475 682 962 270 852 902
318 172 684 676 883 901 335 678 84 209 913 915
328 584 76 621 264 140 590 63 909 616 244 804
127 81 296 138 374 495 73 988 19 321 849 635
812 409 849 186 935 535 891 318 60 288 683 231
17 718 877 971 348 300 222 4 542 685 222 122


------------------------------

Тест 12:
Входные данные:
15 4
321 871 22 637
11 428 265 204
341 540 39 367
856 680 201 743
923 290 720 366
479 383 381 160
509 161 143 800
867 59 903 439
434 503 799 491
680 731 777 253
189 149 365 290
233 926 373 785
101 387 532 143
308 450 273 741
910 792 529 289


Ожидаемый вывод:
910 792 529 289
308 450 273 741
101 387 532 143
233 926 373 785
189 149 365 290
680 731 777 253
434 503 799 491
867 59 903 439
509 161 143 800
479 383 381 160
923 290 720 366
856 680 201 743
341 540 39 367
11 428 265 204
321 871 22 637


------------------------------

